35
32
68
101
112
101
110
100
101
110
99
105
101
115
13
10
110
111
100
101
95
109
111
100
117
108
101
115
47
13
10
102
114
111
110
116
101
110
100
47
110
111
100
101
95
109
111
100
117
108
101
115
47
13
10
98
97
99
107
101
110
100
47
42
47
110
111
100
101
95
109
111
100
117
108
101
115
47
13
10
13
10
35
32
66
117
105
108
100
32
111
117
116
112
117
116
115
13
10
102
114
111
110
116
101
110
100
47
100
105
115
116
47
13
10
102
114
111
110
116
101
110
100
47
98
117
105
108
100
47
13
10
13
10
35
32
69
110
118
105
114
111
110
109
101
110
116
32
102
105
108
101
115
13
10
46
101
110
118
13
10
46
101
110
118
46
108
111
99
97
108
13
10
46
101
110
118
46
42
46
108
111
99
97
108
13
10
13
10
35
32
76
111
99
97
108
32
46
78
69
84
32
99
111
110
102
105
103
117
114
97
116
105
111
110
32
40
117
115
101
32
116
104
101
32
99
111
109
109
105
116
116
101
100
32
42
46
101
120
97
109
112
108
101
46
106
115
111
110
32
116
101
109
112
108
97
116
101
115
41
13
10
98
97
99
107
101
110
100
47
42
42
47
97
112
112
115
101
116
116
105
110
103
115
42
46
106
115
111
110
13
10
33
98
97
99
107
101
110
100
47
42
42
47
97
112
112
115
101
116
116
105
110
103
115
46
101
120
97
109
112
108
101
46
106
115
111
110
13
10
33
98
97
99
107
101
110
100
47
42
42
47
97
112
112
115
101
116
116
105
110
103
115
46
68
101
118
101
108
111
112
109
101
110
116
46
101
120
97
109
112
108
101
46
106
115
111
110
13
10
13
10
35
32
68
97
116
97
98
97
115
101
13
10
100
97
116
97
47
100
98
46
106
115
111
110
13
10
13
10
35
32
76
111
103
115
13
10
42
46
108
111
103
13
10
110
112
109
45
100
101
98
117
103
46
108
111
103
42
13
10
13
10
35
32
79
83
32
102
105
108
101
115
13
10
46
68
83
95
83
116
111
114
101
13
10
84
104
117
109
98
115
46
100
98
13
10
13
10
35
32
73
68
69
13
10
46
118
115
99
111
100
101
47
13
10
46
105
100
101
97
47
13
10
42
46
115
119
112
13
10
42
46
115
119
111
13
10
13
10
35
32
84
101
115
116
32
102
105
108
101
115
13
10
116
101
115
116
45
42
46
106
115
13
10
13
10
35
32
46
78
69
84
32
98
117
105
108
100
32
111
117
116
112
117
116
115
13
10
98
97
99
107
101
110
100
47
42
42
47
98
105
110
47
13
10
98
97
99
107
101
110
100
47
42
42
47
111
98
106
47
13
10
10
35
32
76
111
99
97
108
32
99
114
101
100
101
110
116
105
97
108
115
32
97
110
100
32
100
101
112
108
111
121
109
101
110
116
32
104
101
108
112
101
114
115
10
65
80
73
32
107
101
121
46
116
120
116
10
100
101
112
108
111
121
46
98
97
116
10
97
112
112
115
101
116
116
105
110
103
115
46
106
115
111
110
10
